{
 "cells": [
  {
   "cell_type": "code",
   "execution_count": 2,
   "metadata": {},
   "outputs": [],
   "source": [
    "import numpy as np\n",
    "\n",
    "x = np.arange(1,15,1)"
   ]
  },
  {
   "cell_type": "code",
   "execution_count": 3,
   "metadata": {},
   "outputs": [
    {
     "data": {
      "text/plain": [
       "array([ 1,  2,  3,  4,  5,  6,  7,  8,  9, 10, 11, 12, 13, 14])"
      ]
     },
     "execution_count": 3,
     "metadata": {},
     "output_type": "execute_result"
    }
   ],
   "source": [
    "x"
   ]
  },
  {
   "cell_type": "code",
   "execution_count": 9,
   "metadata": {},
   "outputs": [],
   "source": [
    "import pandas as pd\n",
    "from pathlib import Path\n",
    "tag_path = Path(\"Edited_Data/Cagayan/tag.csv\")\n",
    "tag = pd.read_csv(tag_path)[['Timestamp', 'Sensor Value']]"
   ]
  },
  {
   "cell_type": "code",
   "execution_count": 16,
   "metadata": {},
   "outputs": [
    {
     "data": {
      "text/html": [
       "<div>\n",
       "<style scoped>\n",
       "    .dataframe tbody tr th:only-of-type {\n",
       "        vertical-align: middle;\n",
       "    }\n",
       "\n",
       "    .dataframe tbody tr th {\n",
       "        vertical-align: top;\n",
       "    }\n",
       "\n",
       "    .dataframe thead th {\n",
       "        text-align: right;\n",
       "    }\n",
       "</style>\n",
       "<table border=\"1\" class=\"dataframe\">\n",
       "  <thead>\n",
       "    <tr style=\"text-align: right;\">\n",
       "      <th></th>\n",
       "      <th>Timestamp</th>\n",
       "      <th>Sensor Value</th>\n",
       "      <th>D</th>\n",
       "    </tr>\n",
       "  </thead>\n",
       "  <tbody>\n",
       "    <tr>\n",
       "      <th>0</th>\n",
       "      <td>12/2/2019 12:29:20 AM</td>\n",
       "      <td>0.910916</td>\n",
       "      <td>0</td>\n",
       "    </tr>\n",
       "    <tr>\n",
       "      <th>1</th>\n",
       "      <td>12/2/2019 1:29:23 AM</td>\n",
       "      <td>0.910916</td>\n",
       "      <td>1</td>\n",
       "    </tr>\n",
       "    <tr>\n",
       "      <th>2</th>\n",
       "      <td>12/2/2019 2:30:19 AM</td>\n",
       "      <td>0.886947</td>\n",
       "      <td>2</td>\n",
       "    </tr>\n",
       "    <tr>\n",
       "      <th>3</th>\n",
       "      <td>12/2/2019 3:29:57 AM</td>\n",
       "      <td>0.910916</td>\n",
       "      <td>3</td>\n",
       "    </tr>\n",
       "    <tr>\n",
       "      <th>4</th>\n",
       "      <td>12/2/2019 4:29:26 AM</td>\n",
       "      <td>0.934885</td>\n",
       "      <td>4</td>\n",
       "    </tr>\n",
       "    <tr>\n",
       "      <th>...</th>\n",
       "      <td>...</td>\n",
       "      <td>...</td>\n",
       "      <td>...</td>\n",
       "    </tr>\n",
       "    <tr>\n",
       "      <th>14937</th>\n",
       "      <td>1/1/2022 10:28:42 AM</td>\n",
       "      <td>0.982823</td>\n",
       "      <td>14937</td>\n",
       "    </tr>\n",
       "    <tr>\n",
       "      <th>14938</th>\n",
       "      <td>1/1/2022 11:31:29 AM</td>\n",
       "      <td>0.982823</td>\n",
       "      <td>14938</td>\n",
       "    </tr>\n",
       "    <tr>\n",
       "      <th>14939</th>\n",
       "      <td>1/1/2022 12:29:57 PM</td>\n",
       "      <td>0.982823</td>\n",
       "      <td>14939</td>\n",
       "    </tr>\n",
       "    <tr>\n",
       "      <th>14940</th>\n",
       "      <td>1/1/2022 1:28:35 PM</td>\n",
       "      <td>0.982823</td>\n",
       "      <td>14940</td>\n",
       "    </tr>\n",
       "    <tr>\n",
       "      <th>14941</th>\n",
       "      <td>1/1/2022 2:34:39 PM</td>\n",
       "      <td>0.982823</td>\n",
       "      <td>14941</td>\n",
       "    </tr>\n",
       "  </tbody>\n",
       "</table>\n",
       "<p>14942 rows × 3 columns</p>\n",
       "</div>"
      ],
      "text/plain": [
       "                   Timestamp  Sensor Value      D\n",
       "0      12/2/2019 12:29:20 AM      0.910916      0\n",
       "1       12/2/2019 1:29:23 AM      0.910916      1\n",
       "2       12/2/2019 2:30:19 AM      0.886947      2\n",
       "3       12/2/2019 3:29:57 AM      0.910916      3\n",
       "4       12/2/2019 4:29:26 AM      0.934885      4\n",
       "...                      ...           ...    ...\n",
       "14937   1/1/2022 10:28:42 AM      0.982823  14937\n",
       "14938   1/1/2022 11:31:29 AM      0.982823  14938\n",
       "14939   1/1/2022 12:29:57 PM      0.982823  14939\n",
       "14940    1/1/2022 1:28:35 PM      0.982823  14940\n",
       "14941    1/1/2022 2:34:39 PM      0.982823  14941\n",
       "\n",
       "[14942 rows x 3 columns]"
      ]
     },
     "metadata": {},
     "output_type": "display_data"
    },
    {
     "data": {
      "text/html": [
       "<div>\n",
       "<style scoped>\n",
       "    .dataframe tbody tr th:only-of-type {\n",
       "        vertical-align: middle;\n",
       "    }\n",
       "\n",
       "    .dataframe tbody tr th {\n",
       "        vertical-align: top;\n",
       "    }\n",
       "\n",
       "    .dataframe thead th {\n",
       "        text-align: right;\n",
       "    }\n",
       "</style>\n",
       "<table border=\"1\" class=\"dataframe\">\n",
       "  <thead>\n",
       "    <tr style=\"text-align: right;\">\n",
       "      <th></th>\n",
       "      <th>D</th>\n",
       "      <th>Timestamp</th>\n",
       "      <th>Sensor Value</th>\n",
       "    </tr>\n",
       "  </thead>\n",
       "  <tbody>\n",
       "    <tr>\n",
       "      <th>0</th>\n",
       "      <td>0</td>\n",
       "      <td>12/2/2019 12:29:20 AM</td>\n",
       "      <td>0.910916</td>\n",
       "    </tr>\n",
       "    <tr>\n",
       "      <th>1</th>\n",
       "      <td>1</td>\n",
       "      <td>12/2/2019 1:29:23 AM</td>\n",
       "      <td>0.910916</td>\n",
       "    </tr>\n",
       "    <tr>\n",
       "      <th>2</th>\n",
       "      <td>2</td>\n",
       "      <td>12/2/2019 2:30:19 AM</td>\n",
       "      <td>0.886947</td>\n",
       "    </tr>\n",
       "    <tr>\n",
       "      <th>3</th>\n",
       "      <td>3</td>\n",
       "      <td>12/2/2019 3:29:57 AM</td>\n",
       "      <td>0.910916</td>\n",
       "    </tr>\n",
       "    <tr>\n",
       "      <th>4</th>\n",
       "      <td>4</td>\n",
       "      <td>12/2/2019 4:29:26 AM</td>\n",
       "      <td>0.934885</td>\n",
       "    </tr>\n",
       "    <tr>\n",
       "      <th>...</th>\n",
       "      <td>...</td>\n",
       "      <td>...</td>\n",
       "      <td>...</td>\n",
       "    </tr>\n",
       "    <tr>\n",
       "      <th>14937</th>\n",
       "      <td>14937</td>\n",
       "      <td>1/1/2022 10:28:42 AM</td>\n",
       "      <td>0.982823</td>\n",
       "    </tr>\n",
       "    <tr>\n",
       "      <th>14938</th>\n",
       "      <td>14938</td>\n",
       "      <td>1/1/2022 11:31:29 AM</td>\n",
       "      <td>0.982823</td>\n",
       "    </tr>\n",
       "    <tr>\n",
       "      <th>14939</th>\n",
       "      <td>14939</td>\n",
       "      <td>1/1/2022 12:29:57 PM</td>\n",
       "      <td>0.982823</td>\n",
       "    </tr>\n",
       "    <tr>\n",
       "      <th>14940</th>\n",
       "      <td>14940</td>\n",
       "      <td>1/1/2022 1:28:35 PM</td>\n",
       "      <td>0.982823</td>\n",
       "    </tr>\n",
       "    <tr>\n",
       "      <th>14941</th>\n",
       "      <td>14941</td>\n",
       "      <td>1/1/2022 2:34:39 PM</td>\n",
       "      <td>0.982823</td>\n",
       "    </tr>\n",
       "  </tbody>\n",
       "</table>\n",
       "<p>14942 rows × 3 columns</p>\n",
       "</div>"
      ],
      "text/plain": [
       "           D              Timestamp  Sensor Value\n",
       "0          0  12/2/2019 12:29:20 AM      0.910916\n",
       "1          1   12/2/2019 1:29:23 AM      0.910916\n",
       "2          2   12/2/2019 2:30:19 AM      0.886947\n",
       "3          3   12/2/2019 3:29:57 AM      0.910916\n",
       "4          4   12/2/2019 4:29:26 AM      0.934885\n",
       "...      ...                    ...           ...\n",
       "14937  14937   1/1/2022 10:28:42 AM      0.982823\n",
       "14938  14938   1/1/2022 11:31:29 AM      0.982823\n",
       "14939  14939   1/1/2022 12:29:57 PM      0.982823\n",
       "14940  14940    1/1/2022 1:28:35 PM      0.982823\n",
       "14941  14941    1/1/2022 2:34:39 PM      0.982823\n",
       "\n",
       "[14942 rows x 3 columns]"
      ]
     },
     "metadata": {},
     "output_type": "display_data"
    }
   ],
   "source": [
    "from IPython.display import display\n",
    "\n",
    "tag['D'] = np.arange(0,tag.shape[0],1)\n",
    "\n",
    "tag_sorted = tag[['D'] + tag.columns.values[:-1].tolist()]\n",
    "\n",
    "display(tag,tag_sorted)"
   ]
  },
  {
   "cell_type": "code",
   "execution_count": null,
   "metadata": {},
   "outputs": [],
   "source": []
  }
 ],
 "metadata": {
  "kernelspec": {
   "display_name": "Python 3 (ipykernel)",
   "language": "python",
   "name": "python3"
  },
  "language_info": {
   "codemirror_mode": {
    "name": "ipython",
    "version": 3
   },
   "file_extension": ".py",
   "mimetype": "text/x-python",
   "name": "python",
   "nbconvert_exporter": "python",
   "pygments_lexer": "ipython3",
   "version": "3.9.7"
  }
 },
 "nbformat": 4,
 "nbformat_minor": 4
}
